object Form6: TForm6
  Left = 0
  Top = 0
  Caption = 'Form6'
  ClientHeight = 700
  ClientWidth = 1000
  FormFactor.Width = 320
  FormFactor.Height = 480
  FormFactor.Devices = [Desktop]
  DesignerMasterStyle = 0
  object ScrollBox1: TScrollBox
    Position.X = 344.000000000000000000
    Position.Y = 224.000000000000000000
    TabOrder = 0
    Viewport.Width = 50.000000000000000000
    Viewport.Height = 50.000000000000000000
  end
  object Label1: TLabel
    Position.X = 8.000000000000000000
    Position.Y = 8.000000000000000000
    Size.Width = 225.000000000000000000
    Size.Height = 33.000000000000000000
    Size.PlatformDefault = False
    Text = 'Label1'
    TabOrder = 1
  end
end
